room_number,coordinates
4.223,"[(66, 82), (111, 82), (111, 69), (66, 69)]"
4.217,"[(133, 162), (176, 162), (176, 149), (133, 149)]"
4.215,"[(186, 378), (228, 378), (228, 365), (186, 365)]"
4.222,"[(159, 83), (205, 82), (205, 68), (159, 69)]"
4.221,"[(238, 84), (285, 83), (285, 69), (238, 70)]"
4.220,"[(329, 83), (374, 82), (374, 68), (329, 69)]"
4.302,"[(421, 381), (468, 381), (468, 367), (421, 367)]"
4.303,"[(501, 381), (547, 381), (547, 367), (501, 367)]"
4.323,"[(417, 85), (462, 85), (462, 70), (417, 70)]"
4.304,"[(593, 381), (639, 383), (639, 369), (593, 367)]"
4.326,"[(602, 152), (648, 152), (648, 138), (602, 138)]"
4.306,"[(687, 381), (731, 381), (731, 367), (687, 367)]"
4.322,"[(505, 84), (551, 84), (551, 70), (505, 70)]"
4.321,"[(568, 84), (611, 84), (611, 70), (568, 70)]"
4.320,"[(618, 84), (664, 84), (664, 70), (618, 70)]"
4.319,"[(686, 84), (729, 84), (729, 70), (686, 70)]"
4.318,"[(763, 84), (807, 83), (807, 70), (763, 71)]"
4.317,"[(842, 83), (887, 83), (887, 70), (842, 70)]"
4.316,"[(936, 85), (978, 85), (978, 70), (936, 70)]"
4.430,"[(1069, 91), (1116, 90), (1116, 76), (1069, 77)]"
4.401,"[(1019, 404), (1063, 403), (1063, 390), (1019, 391)]"
4.402,"[(1100, 404), (1147, 405), (1147, 392), (1100, 391)]"
4.403,"[(1176, 404), (1223, 404), (1223, 391), (1176, 391)]"
4.405,"[(1256, 405), (1303, 404), (1303, 390), (1256, 391)]"
4.406,"[(1328, 404), (1374, 405), (1374, 392), (1328, 391)]"
4.407,"[(1412, 404), (1458, 404), (1458, 391), (1412, 391)]"
4.408,"[(1495, 406), (1542, 405), (1542, 390), (1495, 391)]"
4.410,"[(1579, 403), (1622, 403), (1622, 390), (1579, 390)]"
4.442,"[(1150, 260), (1199, 259), (1199, 245), (1150, 246)]"
4.427,"[(1222, 91), (1270, 90), (1270, 76), (1222, 77)]"
4.425,"[(1315, 92), (1362, 91), (1362, 77), (1315, 78)]"
4.444,"[(1396, 227), (1445, 226), (1445, 213), (1396, 214)]"
4.424,"[(1392, 90), (1438, 90), (1438, 77), (1392, 77)]"
4.445,"[(1489, 229), (1537, 229), (1537, 216), (1489, 216)]"
4.423,"[(1472, 90), (1520, 89), (1520, 75), (1472, 76)]"
4.422,"[(1545, 92), (1593, 91), (1593, 76), (1545, 77)]"
4.449,"[(1613, 285), (1661, 285), (1661, 272), (1613, 272)]"
4.411,"[(1667, 404), (1709, 403), (1709, 390), (1667, 391)]"
4.447,"[(1618, 191), (1666, 191), (1666, 178), (1618, 178)]"
4.421,"[(1624, 90), (1671, 90), (1671, 77), (1624, 77)]"
4.419,"[(1718, 90), (1763, 90), (1763, 77), (1718, 77)]"
4.413,"[(1785, 404), (1829, 404), (1829, 391), (1785, 391)]"
4.415,"[(1812, 266), (1857, 267), (1857, 253), (1812, 252)]"
4.416,"[(1813, 205), (1855, 204), (1855, 192), (1813, 193)]"
4.418,"[(1813, 91), (1858, 91), (1858, 78), (1813, 78)]"


