room_number,coordinates
7.101,"[(222, -565), (262, -565), (262, -578), (222, -578)]"
7.132,"[(219, -722), (262, -722), (262, -736), (219, -736)]"
7.138,"[(397, -684), (442, -683), (442, -698), (397, -699)]"
7.136,"[(392, -761), (428, -761), (428, -776), (392, -776)]"
7.130,"[(222, -866), (265, -866), (265, -880), (222, -880)]"
7.102,"[(308, -564), (351, -564), (351, -578), (308, -578)]"
7.103,"[(384, -563), (424, -563), (424, -579), (384, -579)]"
7.104,"[(434, -563), (474, -563), (474, -578), (434, -578)]"
7.106,"[(496, -562), (537, -562), (537, -577), (496, -577)]"
7.107,"[(575, -563), (617, -563), (617, -578), (575, -578)]"
7.129,"[(300, -866), (344, -866), (344, -880), (300, -880)]"
7.141,"[(573, -683), (617, -685), (616, -699), (572, -697)]"
7.140,"[(551, -739), (595, -739), (595, -752), (551, -752)]"
7.109,"[(687, -564), (731, -564), (731, -578), (687, -578)]"
7.143,"[(729, -686), (774, -686), (774, -699), (729, -699)]"
7.142,"[(739, -736), (785, -736), (785, -750), (739, -750)]"
7.110,"[(805, -563), (844, -564), (844, -578), (805, -577)]"
7.111,"[(879, -564), (916, -564), (916, -577), (879, -577)]"
7.112,"[(963, -564), (1003, -564), (1003, -579), (963, -579)]"
7.145,"[(920, -683), (965, -684), (965, -699), (920, -698)]"
7.201,"[(1135, -575), (1179, -575), (1179, -589), (1135, -589)]"
7.225,"[(1480, -802), (1527, -803), (1527, -817), (1480, -816)]"
7.210,"[(1602, -564), (1644, -564), (1644, -578), (1602, -578)]"
7.211,"[(1692, -565), (1733, -565), (1733, -579), (1692, -579)]"
7.232,"[(1300, -864), (1347, -865), (1347, -880), (1300, -879)]"
7.231,"[(1377, -866), (1421, -866), (1421, -880), (1377, -880)]"
7.229,"[(1450, -866), (1496, -866), (1496, -879), (1450, -879)]"
7.228,"[(1528, -864), (1575, -865), (1575, -880), (1528, -879)]"
7.227,"[(1603, -866), (1649, -867), (1649, -881), (1603, -880)]"
7.226,"[(1677, -863), (1723, -865), (1722, -881), (1676, -879)]"
7.213,"[(1787, -565), (1829, -565), (1829, -578), (1787, -578)]"
7.209,"[(1796, -637), (1842, -638), (1842, -654), (1796, -653)]"
7.215,"[(1912, -564), (1956, -565), (1956, -580), (1912, -579)]"
7.128,"[(0, 450), (0, 450), (0, 450), (0, 450)]"
7.127,"[(0, 450), (0, 450), (0, 450), (0, 450)]"
