room_number,coordinates
7.217,"[(218, 400), (261, 400), (261, 387), (218, 387)]"
7.302,"[(290, 400), (337, 400), (337, 386), (290, 386)]"
7.303,"[(366, 400), (412, 399), (412, 385), (366, 386)]"
7.304,"[(439, 400), (485, 400), (485, 386), (439, 386)]"
7.305,"[(514, 400), (560, 400), (560, 386), (514, 386)]"
7.301,"[(440, 326), (481, 326), (481, 311), (440, 311)]"
7.307,"[(590, 400), (634, 400), (634, 387), (590, 387)]"
7.308,"[(663, 400), (709, 400), (709, 387), (663, 387)]"
7.340,"[(593, 230), (639, 231), (639, 216), (593, 215)]"
7.320,"[(831, 95), (875, 95), (875, 81), (831, 81)]"
7.401,"[(994, 401), (1037, 401), (1037, 387), (994, 387)]"
7.402,"[(1068, 402), (1115, 402), (1115, 386), (1068, 386)]"
7.404,"[(1130, 402), (1177, 402), (1177, 386), (1130, 386)]"
7.405,"[(1192, 402), (1239, 402), (1239, 386), (1192, 386)]"
7.406,"[(1263, 402), (1309, 402), (1309, 386), (1263, 386)]"
7.407,"[(1340, 400), (1387, 400), (1387, 386), (1340, 386)]"
7.440,"[(1046, 279), (1094, 279), (1094, 266), (1046, 266)]"
7.441,"[(1192, 279), (1240, 279), (1240, 265), (1192, 265)]"
7.442,"[(1224, 233), (1273, 232), (1273, 218), (1224, 219)]"
7.408,"[(1417, 401), (1463, 401), (1463, 387), (1417, 387)]"
7.444,"[(1438, 279), (1488, 279), (1488, 265), (1438, 265)]"
7.445,"[(1443, 233), (1490, 234), (1490, 219), (1443, 218)]"
7.409,"[(1503, 402), (1550, 401), (1550, 387), (1503, 388)]"
7.411,"[(1609, 401), (1650, 400), (1650, 386), (1609, 387)]"
