room_number,coordinates
8.304,"[(43, 396), (85, 396), (85, 382), (43, 382)]"
8.305,"[(113, 396), (158, 396), (158, 383), (113, 383)]"
8.307,"[(215, 362), (259, 361), (259, 347), (215, 348)]"
8.335,"[(206, 88), (249, 89), (249, 75), (206, 74)]"
8.310,"[(397, 356), (437, 356), (437, 344), (397, 344)]"
8.343,"[(391, 194), (436, 195), (436, 180), (391, 179)]"
8.315,"[(609, 370), (649, 370), (649, 356), (609, 356)]"
8.345,"[(629, 193), (674, 192), (674, 178), (629, 179)]"
8.333,"[(316, 88), (360, 88), (360, 74), (316, 74)]"
8.331,"[(398, 89), (438, 89), (438, 74), (398, 74)]"
8.330,"[(467, 89), (510, 89), (510, 75), (467, 75)]"
8.329,"[(565, 88), (608, 88), (608, 74), (565, 74)]"
8.327,"[(669, 88), (714, 88), (714, 74), (669, 74)]"
8.326,"[(748, 87), (791, 87), (791, 73), (748, 73)]"
8.401,"[(1002, 397), (1044, 398), (1044, 384), (1002, 383)]"
8.439,"[(1010, 216), (1054, 216), (1054, 203), (1010, 203)]"
8.324,"[(836, 87), (879, 87), (879, 74), (836, 74)]"
8.323,"[(927, 89), (971, 88), (971, 72), (927, 73)]"
8.430,"[(995, 88), (1040, 87), (1040, 71), (995, 72)]"
8.402,"[(1076, 396), (1121, 396), (1121, 383), (1076, 383)]"
8.441,"[(1089, 216), (1131, 216), (1131, 204), (1089, 204)]"
8.429,"[(1090, 87), (1134, 87), (1134, 73), (1090, 73)]"
8.404,"[(1157, 397), (1201, 397), (1201, 384), (1157, 384)]"
8.405,"[(1218, 397), (1260, 397), (1260, 383), (1218, 383)]"
8.406,"[(1292, 396), (1336, 396), (1336, 383), (1292, 383)]"
8.435,"[(1199, 280), (1246, 281), (1246, 267), (1199, 266)]"
8.442,"[(1167, 216), (1213, 216), (1213, 203), (1167, 203)]"
8.427,"[(1212, 87), (1258, 88), (1258, 73), (1212, 72)]"
8.444,"[(1345, 217), (1391, 219), (1391, 205), (1345, 203)]"
8.425,"[(1314, 86), (1360, 86), (1360, 73), (1314, 73)]"
8.407,"[(1395, 397), (1440, 398), (1440, 383), (1395, 382)]"
8.437,"[(1378, 280), (1425, 280), (1425, 266), (1378, 266)]"
8.409,"[(1485, 385), (1530, 383), (1529, 367), (1484, 369)]"
8.445,"[(1457, 224), (1503, 224), (1503, 210), (1457, 210)]"
8.424,"[(1395, 87), (1442, 86), (1442, 70), (1395, 71)]"
8.422,"[(1477, 87), (1522, 86), (1522, 71), (1477, 72)]"
8.410,"[(1561, 396), (1602, 396), (1602, 382), (1561, 382)]"
8.411,"[(1625, 396), (1664, 396), (1664, 382), (1625, 382)]"
8.412,"[(1674, 396), (1717, 396), (1717, 382), (1674, 382)]"
8.413,"[(1755, 396), (1798, 396), (1798, 383), (1755, 383)]"
8.449,"[(1576, 279), (1621, 279), (1621, 266), (1576, 266)]"
8.447,"[(1572, 197), (1619, 197), (1619, 184), (1572, 184)]"
8.421,"[(1559, 86), (1600, 86), (1600, 71), (1559, 71)]"
8.420,"[(1622, 86), (1665, 86), (1665, 72), (1622, 72)]"
8.419,"[(1674, 86), (1716, 86), (1716, 72), (1674, 72)]"
8.414,"[(1767, 279), (1809, 279), (1809, 266), (1767, 266)]"
8.417,"[(1766, 189), (1808, 188), (1808, 175), (1766, 176)]"
8.418,"[(1754, 86), (1797, 86), (1797, 72), (1754, 72)]"
