room_number,coordinates
2.132,"[(40, 238), (80, 239), (80, 225), (40, 224)]"
2.130,"[(38, 80), (81, 80), (81, 68), (38, 68)]"
2.101,"[(83, 410), (121, 410), (121, 397), (83, 397)]"
2.134,"[(114, 168), (156, 168), (156, 155), (114, 155)]"
2.129,"[(110, 81), (151, 81), (151, 68), (110, 68)]"
2.128,"[(172, 81), (213, 81), (213, 68), (172, 68)]"
2.104,"[(220, 410), (259, 410), (259, 397), (220, 397)]"
2.137,"[(216, 300), (259, 300), (259, 287), (216, 287)]"
2.139,"[(283, 239), (323, 238), (323, 223), (283, 224)]"
2.136,"[(218, 176), (257, 176), (257, 163), (218, 163)]"
2.127,"[(258, 80), (301, 80), (301, 67), (258, 67)]"
2.105a,"[(392, 410), (439, 411), (439, 396), (392, 395)]"
2.105b,"[(418, 332), (465, 332), (465, 317), (418, 317)]"
2.140,"[(370, 251), (413, 251), (413, 238), (370, 238)]"
2.125,"[(404, 80), (446, 80), (446, 67), (404, 67)]"
2.141,"[(482, 260), (522, 260), (522, 247), (482, 247)]"
2.110b,"[(556, 322), (601, 323), (601, 306), (556, 305)]"
2.112a,"[(717, 409), (762, 409), (762, 395), (717, 395)]"
2.112b,"[(702, 330), (747, 329), (747, 313), (702, 314)]"
2.120,"[(690, 79), (731, 79), (731, 67), (690, 67)]"
2.201,"[(1008, 402), (1050, 402), (1050, 389), (1008, 389)]"
2.227,"[(1182, 96), (1227, 96), (1227, 82), (1182, 82)]"
2.208,"[(1287, 391), (1331, 391), (1331, 379), (1287, 379)]"
2.217,"[(1403, 290), (1446, 290), (1446, 278), (1403, 278)]"
2.225,"[(1389, 97), (1435, 96), (1435, 81), (1389, 82)]"
2.210,"[(1451, 394), (1491, 395), (1491, 382), (1451, 381)]"
2.220,"[(1606, 98), (1649, 98), (1649, 85), (1606, 85)]"
2.215,"[(1653, 369), (1694, 370), (1694, 355), (1653, 354)]"
2.333,"[(1723, 101), (1766, 101), (1766, 87), (1723, 87)]"
