room_number,coordinates
11.301,"[(43, 397), (89, 397), (89, 384), (43, 384)]"
11.337,"[(43, 274), (91, 274), (91, 261), (43, 261)]"
11.335,"[(74, 93), (122, 93), (122, 80), (74, 80)]"
11.302,"[(135, 397), (184, 397), (184, 384), (135, 384)]"
11.304,"[(209, 397), (257, 397), (257, 384), (209, 384)]"
11.305,"[(288, 397), (337, 397), (337, 384), (288, 384)]"
11.306,"[(376, 398), (424, 398), (424, 385), (376, 385)]"
11.338,"[(343, 281), (390, 281), (390, 267), (343, 267)]"
11.308,"[(476, 397), (524, 397), (524, 384), (476, 384)]"
11.310,"[(576, 398), (620, 398), (620, 384), (576, 384)]"
11.339,"[(585, 281), (635, 281), (635, 266), (585, 266)]"
11.340,"[(591, 220), (639, 220), (639, 207), (591, 207)]"
11.311,"[(663, 398), (705, 398), (705, 385), (663, 385)]"
11.325,"[(753, 93), (801, 93), (801, 79), (753, 79)]"
11.320,"[(874, 93), (921, 93), (921, 80), (874, 80)]"
11.401,"[(999, 398), (1045, 398), (1045, 385), (999, 385)]"
11.402,"[(1085, 399), (1134, 397), (1133, 383), (1084, 385)]"
11.440,"[(1063, 280), (1114, 280), (1114, 267), (1063, 267)]"
11.404,"[(1162, 398), (1260, 398), (1260, 384), (1162, 384)]"
11.406,"[(1294, 398), (1342, 398), (1342, 383), (1294, 383)]"
11.407,"[(1365, 398), (1465, 398), (1465, 383), (1365, 383)]"
11.409,"[(1488, 397), (1537, 397), (1537, 384), (1488, 384)]"
11.441,"[(1189, 279), (1238, 279), (1238, 267), (1189, 267)]"
11.442,"[(1228, 222), (1280, 222), (1280, 209), (1228, 209)]"
11.443,"[(1329, 280), (1380, 280), (1380, 267), (1329, 267)]"
11.444,"[(1452, 279), (1503, 279), (1503, 267), (1452, 267)]"
11.445,"[(1427, 222), (1476, 222), (1476, 209), (1427, 209)]"
11.410,"[(1584, 397), (1628, 397), (1628, 384), (1584, 384)]"
11.449,"[(1575, 277), (1626, 278), (1626, 264), (1575, 263)]"
11.447,"[(1587, 199), (1637, 199), (1637, 185), (1587, 185)]"
11.412,"[(1666, 397), (1711, 397), (1711, 384), (1666, 384)]"
11.413,"[(1759, 398), (1805, 398), (1805, 384), (1759, 384)]"
11.415,"[(1773, 235), (1818, 235), (1818, 222), (1773, 222)]"
11.421,"[(1561, 92), (1609, 92), (1609, 79), (1561, 79)]"
11.420,"[(1634, 92), (1682, 92), (1682, 79), (1634, 79)]"
11.419,"[(1696, 92), (1741, 92), (1741, 79), (1696, 79)]"
11.418,"[(1760, 92), (1805, 92), (1805, 79), (1760, 79)]"
11.408,"[(1427, 404), (1456, 404), (1456, 384), (1427, 384)]"
11.405,"[(1221, 404), (1249, 404), (1249, 384), (1221, 384)]"
