room_number,coordinates
4.101,"[(138, 403), (179, 403), (179, 390), (138, 390)]"
4.132,"[(35, 239), (78, 239), (78, 226), (35, 226)]"
4.138,"[(226, 281), (270, 280), (270, 264), (226, 265)]"
4.130,"[(97, 88), (140, 87), (140, 73), (97, 74)]"
4.140,"[(378, 247), (422, 246), (422, 233), (378, 234)]"
4.136,"[(225, 196), (266, 196), (266, 181), (225, 181)]"
4.106,"[(342, 403), (383, 404), (383, 390), (342, 389)]"
4.109,"[(498, 403), (541, 403), (541, 389), (498, 389)]"
4.127,"[(263, 90), (307, 90), (307, 76), (263, 76)]"
4.110,"[(623, 403), (661, 403), (661, 390), (623, 390)]"
4.142,"[(496, 252), (542, 252), (542, 238), (496, 238)]"
4.116,"[(642, 154), (680, 154), (680, 140), (642, 140)]"
4.112,"[(762, 403), (803, 403), (803, 390), (762, 390)]"
4.143,"[(692, 234), (736, 234), (736, 221), (692, 221)]"
4.125,"[(364, 90), (406, 90), (406, 75), (364, 75)]"
4.124,"[(447, 91), (491, 90), (491, 75), (447, 76)]"
4.123,"[(523, 90), (565, 90), (565, 75), (523, 75)]"
4.122,"[(604, 91), (648, 90), (648, 75), (604, 76)]"
4.121,"[(678, 89), (717, 91), (718, 76), (679, 74)]"
4.119,"[(762, 89), (803, 89), (803, 76), (762, 76)]"
4.146,"[(815, 266), (859, 267), (859, 253), (815, 252)]"
4.201,"[(1032, 405), (1076, 404), (1076, 390), (1032, 391)]"
4.118,"[(836, 89), (877, 90), (877, 76), (836, 75)]"
4.205,"[(1213, 403), (1260, 403), (1260, 390), (1213, 390)]"
4.229,"[(1160, 116), (1206, 116), (1206, 103), (1160, 103)]"
4.207,"[(1290, 403), (1336, 404), (1336, 390), (1290, 389)]"
4.208,"[(1363, 404), (1409, 405), (1409, 390), (1363, 389)]"
4.209,"[(1436, 403), (1481, 403), (1481, 389), (1436, 389)]"
4.211,"[(1522, 403), (1565, 404), (1565, 390), (1522, 389)]"
4.202,"[(1341, 324), (1386, 324), (1386, 311), (1341, 311)]"
4.225,"[(1380, 116), (1427, 117), (1427, 103), (1380, 102)]"
4.212,"[(1648, 403), (1690, 403), (1690, 390), (1648, 390)]"
4.224,"[(1639, 83), (1686, 84), (1686, 70), (1639, 69)]"
4.223,"[(1773, 83), (1820, 81), (1819, 66), (1772, 68)]"
4.217,"[(1840, 161), (1885, 161), (1885, 147), (1840, 147)]"
