room_number,coordinates
3.101,"[(57, 402), (96, 402), (96, 388), (57, 388)]"
3.132,"[(36, 239), (77, 239), (77, 225), (36, 225)]"
3.130,"[(57, 91), (98, 91), (98, 77), (57, 77)]"
3.103,"[(160, 403), (202, 403), (202, 389), (160, 389)]"
3.104,"[(253, 402), (294, 402), (294, 389), (253, 389)]"
3.140,"[(381, 250), (424, 250), (424, 237), (381, 237)]"
3.141,"[(351, 197), (393, 196), (393, 182), (351, 183)]"
3.129,"[(158, 92), (201, 92), (201, 78), (158, 78)]"
3.127,"[(250, 91), (292, 92), (292, 78), (250, 77)]"
3.125,"[(368, 91), (410, 90), (410, 77), (368, 78)]"
3.123,"[(512, 91), (554, 91), (554, 78), (512, 78)]"
3.142,"[(585, 251), (629, 250), (629, 235), (585, 236)]"
3.143,"[(562, 196), (604, 197), (604, 182), (562, 181)]"
3.121,"[(655, 92), (696, 92), (696, 78), (655, 78)]"
3.145,"[(764, 195), (808, 195), (808, 182), (764, 182)]"
3.119,"[(745, 92), (785, 92), (785, 78), (745, 78)]"
3.118,"[(826, 91), (864, 91), (864, 78), (826, 78)]"
3.201,"[(989, 391), (1033, 391), (1033, 378), (989, 378)]"
3.205,"[(1156, 403), (1200, 403), (1200, 389), (1156, 389)]"
3.206,"[(1234, 403), (1277, 403), (1277, 388), (1234, 388)]"
3.207,"[(1301, 403), (1345, 403), (1345, 388), (1301, 388)]"
3.242,"[(1231, 242), (1277, 243), (1277, 228), (1231, 227)]"
3.215,"[(1334, 284), (1375, 284), (1375, 271), (1334, 271)]"
3.209,"[(1418, 402), (1462, 402), (1462, 388), (1418, 388)]"
3.211,"[(1549, 402), (1588, 402), (1588, 389), (1549, 389)]"
3.221,"[(1599, 91), (1642, 91), (1642, 78), (1599, 78)]"
3.220,"[(1687, 91), (1731, 91), (1731, 78), (1687, 78)]"
3.332,"[(1783, 92), (1826, 92), (1826, 77), (1783, 77)]"
