room_number,coordinates
3.335,"[(193, 197), (237, 196), (237, 181), (193, 182)]"
3.331,"[(193, 91), (235, 91), (235, 78), (193, 78)]"
3.339,"[(497, 153), (541, 153), (541, 139), (497, 139)]"
3.329,"[(311, 92), (355, 92), (355, 77), (311, 77)]"
3.328,"[(390, 91), (434, 91), (434, 77), (390, 77)]"
3.326,"[(454, 91), (498, 91), (498, 77), (454, 77)]"
3.325,"[(518, 91), (563, 91), (563, 77), (518, 77)]"
3.324,"[(598, 91), (643, 91), (643, 77), (598, 77)]"
3.323,"[(674, 93), (718, 92), (718, 77), (674, 78)]"
3.320,"[(840, 87), (884, 87), (884, 73), (840, 73)]"
3.440,"[(1069, 201), (1115, 201), (1115, 187), (1069, 187)]"
3.430,"[(1009, 90), (1055, 90), (1055, 77), (1009, 77)]"
3.442,"[(1247, 246), (1296, 246), (1296, 233), (1247, 233)]"
3.441,"[(1212, 202), (1256, 201), (1256, 187), (1212, 188)]"
3.443,"[(1351, 201), (1397, 201), (1397, 188), (1351, 188)]"
3.429,"[(1088, 92), (1133, 92), (1133, 77), (1088, 77)]"
3.427,"[(1153, 92), (1198, 92), (1198, 77), (1153, 77)]"
3.426,"[(1217, 92), (1264, 92), (1264, 77), (1217, 77)]"
3.445,"[(1475, 246), (1521, 246), (1521, 233), (1475, 233)]"
3.444,"[(1490, 200), (1537, 200), (1537, 187), (1490, 187)]"
3.446,"[(1599, 200), (1646, 200), (1646, 187), (1599, 187)]"
3.425,"[(1308, 91), (1354, 91), (1354, 78), (1308, 78)]"
3.424,"[(1399, 93), (1443, 93), (1443, 77), (1399, 77)]"
3.423,"[(1464, 93), (1509, 93), (1509, 78), (1464, 78)]"
3.422,"[(1523, 94), (1567, 94), (1567, 78), (1523, 78)]"
3.421,"[(1588, 94), (1633, 94), (1633, 79), (1588, 79)]"
3.420,"[(1658, 91), (1703, 91), (1703, 77), (1658, 77)]"
3.332,"[(81, 97), (123, 97), (123, 74), (81, 74)]"
