room_number,coordinates
4.132,"[(181, -759), (224, -760), (224, -774), (181, -773)]"
4.101,"[(284, -596), (325, -596), (325, -610), (284, -610)]"
4.130,"[(243, -911), (287, -911), (287, -924), (243, -924)]"
4.138,"[(372, -718), (415, -719), (415, -733), (372, -732)]"
4.136,"[(371, -803), (413, -804), (413, -819), (371, -818)]"
4.127,"[(410, -910), (453, -910), (453, -923), (410, -923)]"
4.106,"[(489, -596), (530, -596), (530, -609), (489, -609)]"
4.109,"[(645, -596), (686, -596), (686, -610), (645, -610)]"
4.142,"[(641, -746), (687, -747), (687, -762), (641, -761)]"
4.110,"[(769, -596), (808, -596), (808, -609), (769, -609)]"
4.140,"[(523, -753), (568, -753), (568, -766), (523, -766)]"
4.143,"[(837, -765), (881, -765), (881, -778), (837, -778)]"
4.116,"[(787, -846), (827, -846), (827, -859), (787, -859)]"
4.112,"[(908, -596), (949, -596), (949, -610), (908, -610)]"
4.146,"[(963, -732), (1005, -733), (1004, -750), (962, -749)]"
4.125,"[(510, -910), (552, -911), (552, -923), (510, -922)]"
4.124,"[(592, -910), (635, -911), (635, -924), (592, -923)]"
4.123,"[(669, -910), (711, -910), (711, -923), (669, -923)]"
4.122,"[(750, -910), (793, -910), (793, -923), (750, -923)]"
4.121,"[(824, -910), (864, -910), (864, -923), (824, -923)]"
4.119,"[(908, -910), (949, -910), (949, -923), (908, -923)]"
4.118,"[(982, -910), (1021, -910), (1021, -923), (982, -923)]"
4.201,"[(1177, -595), (1220, -595), (1220, -610), (1177, -610)]"
4.229,"[(1306, -883), (1351, -883), (1351, -896), (1306, -896)]"
4.205,"[(1360, -596), (1405, -596), (1405, -609), (1360, -609)]"
4.207,"[(1436, -596), (1482, -595), (1482, -609), (1436, -610)]"
4.208,"[(1509, -597), (1556, -597), (1556, -610), (1509, -610)]"
4.209,"[(1581, -596), (1627, -595), (1627, -610), (1581, -611)]"
4.211,"[(1668, -595), (1709, -595), (1709, -609), (1668, -609)]"
4.202,"[(1486, -675), (1533, -675), (1533, -688), (1486, -688)]"
4.225,"[(1525, -882), (1574, -883), (1574, -898), (1525, -897)]"
4.212,"[(1793, -596), (1838, -596), (1838, -609), (1793, -609)]"
4.224,"[(1786, -916), (1832, -917), (1832, -930), (1786, -929)]"
4.223,"[(1919, -918), (1964, -918), (1964, -931), (1919, -931)]"
4.217,"[(1987, -838), (2029, -839), (2029, -852), (1987, -851)]"
