room_number,coordinates
8.101,"[(189, -588), (228, -588), (228, -600), (189, -600)]"
8.132,"[(189, -731), (231, -731), (231, -744), (189, -744)]"
8.130,"[(206, -874), (246, -874), (246, -886), (206, -886)]"
8.102,"[(266, -588), (308, -588), (308, -600), (266, -600)]"
8.103,"[(336, -587), (377, -588), (377, -601), (336, -600)]"
8.138,"[(386, -687), (427, -689), (426, -705), (385, -703)]"
8.105,"[(427, -588), (468, -588), (468, -600), (427, -600)]"
8.136,"[(371, -773), (412, -773), (412, -786), (371, -786)]"
8.128,"[(318, -884), (358, -884), (358, -898), (318, -898)]"
8.127,"[(392, -885), (433, -886), (433, -899), (392, -898)]"
8.126,"[(467, -885), (507, -885), (507, -898), (467, -898)]"
8.106,"[(521, -588), (562, -588), (562, -600), (521, -600)]"
8.140,"[(518, -721), (560, -720), (560, -733), (518, -734)]"
8.108,"[(618, -588), (660, -588), (660, -600), (618, -600)]"
8.141,"[(621, -708), (660, -707), (660, -721), (621, -722)]"
8.124,"[(553, -885), (594, -885), (594, -897), (553, -897)]"
8.123,"[(627, -885), (669, -885), (669, -898), (627, -898)]"
8.110,"[(774, -588), (812, -588), (812, -600), (774, -600)]"
8.122,"[(708, -885), (749, -885), (749, -899), (708, -899)]"
8.145,"[(910, -721), (910, -678), (923, -678), (923, -721)]"
8.112,"[(927, -588), (966, -588), (966, -601), (927, -601)]"
8.146,"[(935, -707), (976, -707), (976, -722), (935, -722)]"
8.121,"[(802, -885), (840, -885), (840, -897), (802, -897)]"
8.119,"[(874, -885), (913, -885), (913, -897), (874, -897)]"
8.118,"[(955, -885), (994, -885), (994, -898), (955, -898)]"
8.201,"[(1120, -572), (1162, -573), (1162, -587), (1120, -586)]"
8.205,"[(1278, -570), (1323, -570), (1323, -583), (1278, -583)]"
8.206,"[(1352, -570), (1395, -570), (1395, -583), (1352, -583)]"
8.208,"[(1443, -569), (1487, -570), (1487, -584), (1443, -583)]"
8.235,"[(1404, -649), (1448, -646), (1449, -660), (1405, -663)]"
8.240,"[(1430, -728), (1474, -728), (1474, -742), (1430, -742)]"
8.241,"[(1426, -779), (1469, -779), (1469, -792), (1426, -792)]"
8.209,"[(1528, -568), (1570, -570), (1569, -584), (1527, -582)]"
8.219,"[(1284, -877), (1326, -877), (1326, -890), (1284, -890)]"
8.218,"[(1367, -877), (1409, -877), (1409, -890), (1367, -890)]"
8.217,"[(1445, -877), (1486, -877), (1486, -890), (1445, -890)]"
8.216,"[(1528, -877), (1568, -877), (1568, -890), (1528, -890)]"
8.301,"[(1607, -570), (1649, -570), (1649, -583), (1607, -583)]"
8.302,"[(1684, -570), (1729, -570), (1729, -583), (1684, -583)]"
8.303,"[(1760, -569), (1804, -570), (1804, -583), (1760, -582)]"
8.341,"[(1758, -644), (1801, -644), (1801, -657), (1758, -657)]"
8.340,"[(1745, -843), (1790, -844), (1790, -857), (1745, -856)]"
8.304,"[(1837, -570), (1881, -570), (1881, -583), (1837, -583)]"
8.305,"[(1907, -570), (1952, -570), (1952, -583), (1907, -583)]"
8.143,"[(0, 450), (0, 450), (0, 450), (0, 450)]"
