room_number,coordinates
6.101,"[(212, -561), (250, -561), (250, -575), (212, -575)]"
6.132,"[(205, -717), (247, -717), (247, -730), (205, -730)]"
6.102,"[(303, -561), (346, -561), (346, -575), (303, -575)]"
6.104,"[(385, -561), (427, -561), (427, -574), (385, -574)]"
6.105,"[(460, -560), (500, -559), (500, -574), (460, -575)]"
6.106,"[(538, -560), (578, -559), (578, -574), (538, -575)]"
6.107,"[(616, -561), (658, -561), (658, -575), (616, -575)]"
6.108,"[(691, -561), (732, -562), (732, -575), (691, -574)]"
6.130,"[(206, -858), (247, -857), (247, -872), (206, -873)]"
6.129,"[(283, -858), (324, -858), (324, -873), (283, -873)]"
6.138,"[(385, -670), (429, -670), (429, -685), (385, -685)]"
6.136,"[(388, -754), (429, -754), (429, -767), (388, -767)]"
6.127,"[(382, -858), (424, -857), (424, -872), (382, -873)]"
6.143,"[(807, -718), (849, -718), (849, -731), (807, -731)]"
6.140,"[(534, -725), (577, -725), (577, -738), (534, -738)]"
6.125,"[(498, -859), (540, -859), (540, -872), (498, -872)]"
6.141,"[(632, -734), (674, -734), (674, -747), (632, -747)]"
6.124,"[(592, -859), (634, -859), (634, -872), (592, -872)]"
6.123,"[(670, -859), (712, -859), (712, -873), (670, -873)]"
6.110,"[(847, -561), (885, -561), (885, -575), (847, -575)]"
6.122,"[(799, -858), (841, -858), (841, -872), (799, -872)]"
6.113,"[(986, -561), (1025, -560), (1025, -573), (986, -574)]"
6.201,"[(1145, -569), (1188, -569), (1188, -582), (1145, -582)]"
6.118,"[(947, -859), (986, -859), (986, -872), (947, -872)]"
6.210,"[(1655, -550), (1696, -550), (1696, -563), (1655, -563)]"
6.209,"[(1647, -622), (1692, -621), (1692, -635), (1647, -636)]"
6.205,"[(1304, -571), (1348, -571), (1348, -585), (1304, -585)]"
6.232,"[(1302, -856), (1347, -856), (1347, -869), (1302, -869)]"
6.208,"[(1455, -574), (1499, -573), (1499, -588), (1455, -589)]"
6.235,"[(1475, -790), (1520, -792), (1519, -808), (1474, -806)]"
6.231,"[(1381, -857), (1424, -857), (1424, -871), (1381, -871)]"
6.229,"[(1457, -856), (1502, -856), (1502, -869), (1457, -869)]"
6.228,"[(1531, -856), (1576, -855), (1576, -869), (1531, -870)]"
6.226,"[(1649, -852), (1692, -852), (1692, -866), (1649, -866)]"
6.212,"[(1777, -550), (1818, -550), (1818, -563), (1777, -563)]"
6.214,"[(1880, -550), (1921, -550), (1921, -563), (1880, -563)]"
6.218,"[(1905, -621), (1947, -622), (1947, -636), (1905, -635)]"
6.225,"[(1895, -830), (1938, -829), (1938, -843), (1895, -844)]"
6.144,"[(0, 450), (0, 450), (0, 450), (0, 450)]"
6.145,"[(0, 450), (0, 450), (0, 450), (0, 450)]"
6.146,"[(0, 450), (0, 450), (0, 450), (0, 450)]"
