room_number,coordinates
11.101,"[(41, 391), (83, 391), (83, 379), (41, 379)]"
11.102,"[(119, 391), (162, 391), (162, 377), (119, 377)]"
11.103,"[(177, 391), (221, 391), (221, 377), (177, 377)]"
11.104,"[(239, 391), (283, 391), (283, 377), (239, 377)]"
11.132,"[(33, 235), (76, 235), (76, 222), (33, 222)]"
11.130,"[(41, 95), (85, 95), (85, 82), (41, 82)]"
11.129,"[(124, 95), (169, 95), (169, 82), (124, 82)]"
11.138,"[(205, 273), (249, 273), (249, 260), (205, 260)]"
11.136,"[(218, 197), (260, 197), (260, 184), (218, 184)]"
11.140,"[(365, 244), (409, 243), (409, 230), (365, 231)]"
11.139,"[(336, 198), (378, 197), (378, 185), (336, 186)]"
11.141,"[(455, 198), (497, 198), (497, 187), (455, 187)]"
11.142,"[(557, 245), (600, 245), (600, 233), (557, 233)]"
11.144,"[(577, 197), (622, 197), (622, 186), (577, 186)]"
11.127,"[(214, 95), (259, 95), (259, 82), (214, 82)]"
11.126,"[(299, 95), (340, 95), (340, 82), (299, 82)]"
11.125,"[(377, 96), (418, 96), (418, 81), (377, 81)]"
11.124,"[(424, 96), (467, 96), (467, 81), (424, 81)]"
11.123,"[(498, 96), (539, 96), (539, 81), (498, 81)]"
11.122,"[(572, 96), (613, 96), (613, 81), (572, 81)]"
11.121,"[(622, 96), (664, 96), (664, 81), (622, 81)]"
11.120,"[(688, 95), (732, 95), (732, 83), (688, 83)]"
11.118,"[(775, 95), (819, 95), (819, 82), (775, 82)]"
11.145,"[(713, 199), (759, 199), (759, 186), (713, 186)]"
11.201,"[(893, 374), (938, 374), (938, 361), (893, 361)]"
11.205,"[(1013, 373), (1060, 373), (1060, 360), (1013, 360)]"
11.240,"[(1248, 243), (1294, 244), (1294, 230), (1248, 229)]"
11.226,"[(1115, 95), (1160, 95), (1160, 82), (1115, 82)]"
11.225,"[(1187, 96), (1280, 96), (1280, 81), (1187, 81)]"
11.222,"[(1308, 96), (1356, 96), (1356, 81), (1308, 81)]"
11.244,"[(1366, 196), (1413, 196), (1413, 184), (1366, 184)]"
11.221,"[(1398, 95), (1443, 95), (1443, 82), (1398, 82)]"
11.220,"[(1466, 95), (1512, 95), (1512, 82), (1466, 82)]"
11.218,"[(1558, 95), (1602, 95), (1602, 82), (1558, 82)]"
11.301,"[(1651, 390), (1697, 390), (1697, 377), (1651, 377)]"
11.337,"[(1652, 271), (1699, 271), (1699, 258), (1652, 258)]"
11.224,"[(1241, 101), (1273, 101), (1273, 80), (1241, 80)]"
