room_number,coordinates
3.130,"[(203, -910), (246, -910), (246, -923), (203, -923)]"
3.103,"[(306, -598), (349, -598), (349, -612), (306, -612)]"
3.129,"[(306, -909), (348, -908), (348, -923), (306, -924)]"
3.104,"[(399, -597), (441, -598), (441, -613), (399, -612)]"
3.127,"[(397, -909), (439, -909), (439, -922), (397, -922)]"
3.140,"[(528, -751), (571, -751), (571, -764), (528, -764)]"
3.141,"[(498, -806), (540, -806), (540, -819), (498, -819)]"
3.125,"[(514, -909), (557, -909), (557, -923), (514, -923)]"
3.123,"[(659, -909), (701, -908), (701, -922), (659, -923)]"
3.142,"[(732, -751), (775, -750), (775, -764), (732, -765)]"
3.143,"[(709, -805), (751, -805), (751, -818), (709, -818)]"
3.121,"[(802, -909), (843, -909), (843, -923), (802, -923)]"
3.145,"[(912, -804), (954, -806), (953, -821), (911, -819)]"
3.119,"[(892, -909), (932, -909), (932, -923), (892, -923)]"
3.118,"[(972, -909), (1013, -909), (1013, -923), (972, -923)]"
3.201,"[(1137, -607), (1181, -609), (1180, -624), (1136, -622)]"
3.205,"[(1303, -598), (1347, -598), (1347, -612), (1303, -612)]"
3.206,"[(1381, -596), (1422, -596), (1422, -612), (1381, -612)]"
3.207,"[(1446, -596), (1489, -596), (1489, -611), (1446, -611)]"
3.242,"[(1377, -759), (1424, -759), (1424, -773), (1377, -773)]"
3.215,"[(1480, -716), (1522, -716), (1522, -729), (1480, -729)]"
3.209,"[(1565, -597), (1609, -598), (1609, -612), (1565, -611)]"
3.211,"[(1695, -598), (1735, -598), (1735, -612), (1695, -612)]"
3.221,"[(1745, -909), (1789, -909), (1789, -923), (1745, -923)]"
3.220,"[(1833, -910), (1878, -910), (1878, -923), (1833, -923)]"
3.332,"[(1929, -909), (1974, -909), (1974, -923), (1929, -923)]"
3.101,"[(0, 450), (0, 450), (0, 450), (0, 450)]"
3.132,"[(0, 450), (0, 450), (0, 450), (0, 450)]"
