room_number,coordinates
5.128,"[(170, 77), (212, 77), (212, 63), (170, 63)]"
5.141,"[(288, 203), (329, 203), (329, 190), (288, 190)]"
5.140,"[(361, 249), (405, 249), (405, 236), (361, 236)]"
5.127,"[(251, 76), (292, 76), (292, 62), (251, 62)]"
5.125,"[(325, 76), (368, 76), (368, 63), (325, 63)]"
5.124,"[(405, 76), (447, 76), (447, 63), (405, 63)]"
5.123,"[(479, 77), (520, 77), (520, 62), (479, 62)]"
5.142,"[(560, 249), (603, 249), (603, 236), (560, 236)]"
5.143,"[(534, 202), (577, 202), (577, 189), (534, 189)]"
5.122,"[(556, 76), (597, 75), (597, 62), (556, 63)]"
5.145,"[(737, 202), (780, 201), (780, 188), (737, 189)]"
5.121,"[(639, 77), (678, 77), (678, 63), (639, 63)]"
5.119,"[(717, 76), (755, 76), (755, 63), (717, 63)]"
5.118,"[(788, 77), (827, 77), (827, 63), (788, 63)]"
5.201,"[(959, 389), (1001, 389), (1001, 376), (959, 376)]"
5.205,"[(1120, 400), (1166, 400), (1166, 387), (1120, 387)]"
5.206,"[(1209, 401), (1251, 402), (1251, 388), (1209, 387)]"
5.208,"[(1293, 400), (1338, 399), (1338, 385), (1293, 386)]"
5.215,"[(1287, 324), (1329, 324), (1329, 310), (1287, 310)]"
5.209,"[(1380, 400), (1424, 400), (1424, 387), (1380, 387)]"
5.211,"[(1469, 400), (1508, 400), (1508, 386), (1469, 386)]"
5.212,"[(1551, 400), (1592, 402), (1593, 388), (1552, 386)]"
5.217,"[(1539, 325), (1580, 325), (1580, 312), (1539, 312)]"
5.229,"[(1546, 98), (1591, 98), (1591, 85), (1546, 85)]"
5.213,"[(1623, 400), (1666, 400), (1666, 386), (1623, 386)]"
5.231,"[(1651, 158), (1693, 158), (1693, 144), (1651, 144)]"
5.228,"[(1623, 98), (1668, 98), (1668, 85), (1623, 85)]"
5.227,"[(1699, 98), (1744, 98), (1744, 85), (1699, 85)]"
