room_number,coordinates
2.301,"[(193, 382), (234, 382), (234, 369), (193, 369)]"
2.330,"[(185, 91), (230, 91), (230, 78), (185, 78)]"
2.305,"  [(388, 383), (433, 382), (433, 368), (388, 369)]"
2.328,"[(343, 91), (388, 91), (388, 78), (343, 78)]"
2.315,"[(528, 202), (569, 202), (569, 189), (528, 189)]"
2.325,"[(502, 91), (545, 91), (545, 78), (502, 78)]"
2.310,"[(601, 382), (641, 382), (641, 369), (601, 369)]"
2.323,"[(633, 92), (677, 92), (677, 77), (633, 77)]"
2.320,"[(828, 91), (872, 91), (872, 78), (828, 78)]"
2.401,"[(1020, 393), (1062, 393), (1062, 379), (1020, 379)]"
2.430,"[(997, 92), (1040, 92), (1040, 78), (997, 78)]"
2.440,"[(1049, 210), (1049, 256), (1064, 256), (1064, 210)]"
2.441,"[(1073, 234), (1118, 234), (1118, 221), (1073, 221)]"
2.429,"[(1081, 92), (1125, 91), (1125, 79), (1081, 80)]"
2.404,"[(1175, 392), (1220, 392), (1220, 380), (1175, 380)]"
2.406,"[(1324, 393), (1367, 393), (1367, 379), (1324, 379)]"
2.444,"[(1323, 235), (1369, 237), (1370, 223), (1324, 221)]"
2.408,"[(1463, 392), (1508, 392), (1508, 380), (1463, 380)]"
2.445,"[(1433, 242), (1480, 242), (1480, 229), (1433, 229)]"
2.449,"[(1534, 275), (1580, 274), (1580, 261), (1534, 262)]"
2.427,"[(1166, 92), (1211, 92), (1211, 78), (1166, 78)]"
2.426,"[(1240, 92), (1282, 93), (1282, 79), (1240, 78)]"
2.425,"[(1313, 92), (1358, 92), (1358, 78), (1313, 78)]"
2.424,"[(1388, 92), (1432, 92), (1432, 77), (1388, 77)]"
2.422,"[(1465, 92), (1510, 92), (1510, 78), (1465, 78)]"
2.421,"[(1547, 90), (1592, 90), (1592, 77), (1547, 77)]"
2.411,"[(1598, 392), (1638, 392), (1638, 380), (1598, 380)]"
2.412,"[(1672, 391), (1716, 394), (1717, 381), (1673, 378)]"
2.413,"[(1749, 392), (1791, 392), (1791, 380), (1749, 380)]"
2.420,"[(1635, 91), (1680, 90), (1680, 77), (1635, 78)]"
2.415,"[(1748, 235), (1791, 235), (1791, 223), (1748, 223)]"
2.419,"[(1724, 91), (1766, 90), (1766, 77), (1724, 78)]"
2.333,"[(82, 95), (123, 95), (123, 74), (82, 74)]"
