room_number,coordinates
9.306,"[(144, 392), (186, 392), (186, 379), (144, 379)]"
9.307,"[(226, 393), (268, 392), (268, 378), (226, 379)]"
9.335,"[(154, 100), (199, 100), (199, 87), (154, 87)]"
9.343,"[(269, 160), (312, 159), (312, 147), (269, 148)]"
9.334,"[(241, 101), (284, 100), (284, 87), (241, 88)]"
9.332,"[(325, 101), (367, 101), (367, 88), (325, 88)]"
9.342,"[(409, 160), (453, 160), (453, 147), (409, 147)]"
9.331,"[(411, 100), (452, 100), (452, 88), (411, 88)]"
9.340,"[(569, 252), (610, 252), (610, 239), (569, 239)]"
9.341,"[(566, 160), (607, 160), (607, 148), (566, 148)]"
9.329,"[(494, 101), (536, 101), (536, 88), (494, 88)]"
9.328,"[(565, 100), (608, 100), (608, 88), (565, 88)]"
9.327,"[(637, 101), (680, 101), (680, 88), (637, 88)]"
9.326,"[(714, 100), (755, 99), (755, 87), (714, 88)]"
9.320,"[(834, 75), (876, 75), (876, 62), (834, 62)]"
9.401,"[(959, 393), (1000, 392), (1000, 378), (959, 379)]"
9.402,"[(1044, 391), (1086, 391), (1086, 378), (1044, 378)]"
9.404,"[(1114, 392), (1156, 392), (1156, 378), (1114, 378)]"
9.405,"[(1164, 392), (1206, 392), (1206, 378), (1164, 378)]"
9.406,"[(1221, 392), (1264, 392), (1264, 378), (1221, 378)]"
9.440,"[(1008, 277), (1051, 277), (1051, 264), (1008, 264)]"
9.441,"[(1144, 276), (1186, 276), (1186, 264), (1144, 264)]"
9.442,"[(1177, 229), (1220, 229), (1220, 217), (1177, 217)]"
9.407,"[(1311, 392), (1353, 392), (1353, 380), (1311, 380)]"
9.443,"[(1277, 277), (1320, 277), (1320, 263), (1277, 263)]"
9.409,"[(1409, 391), (1451, 391), (1451, 379), (1409, 379)]"
9.444,"[(1404, 276), (1447, 276), (1447, 264), (1404, 264)]"
9.445,"[(1393, 223), (1438, 223), (1438, 210), (1393, 210)]"
9.410,"[(1488, 392), (1528, 392), (1528, 377), (1488, 377)]"
9.411,"[(1552, 392), (1589, 392), (1589, 377), (1552, 377)]"
9.412,"[(1601, 392), (1641, 392), (1641, 377), (1601, 377)]"
9.449,"[(1509, 277), (1554, 276), (1554, 264), (1509, 265)]"
9.421,"[(1492, 101), (1532, 101), (1532, 88), (1492, 88)]"
9.420,"[(1550, 101), (1592, 101), (1592, 88), (1550, 88)]"
9.419,"[(1600, 101), (1640, 101), (1640, 88), (1600, 88)]"
9.413,"[(1684, 393), (1725, 394), (1725, 379), (1684, 378)]"
9.414,"[(1687, 287), (1727, 287), (1727, 274), (1687, 274)]"
9.417,"[(1688, 195), (1727, 195), (1727, 182), (1688, 182)]"
9.418,"[(1676, 101), (1716, 101), (1716, 88), (1676, 88)]"
