room_number,coordinates
5.141,"[(452, -804), (494, -803), (494, -817), (452, -818)]"
5.140,"[(524, -759), (569, -759), (569, -773), (524, -773)]"
5.142,"[(723, -759), (769, -759), (769, -772), (723, -772)]"
5.143,"[(698, -804), (740, -803), (740, -817), (698, -818)]"
5.145,"[(902, -805), (946, -805), (946, -818), (902, -818)]"
5.127,"[(415, -930), (457, -930), (457, -944), (415, -944)]"
5.125,"[(489, -931), (533, -931), (533, -944), (489, -944)]"
5.124,"[(569, -931), (610, -931), (610, -944), (569, -944)]"
5.123,"[(643, -930), (686, -930), (686, -944), (643, -944)]"
5.122,"[(720, -931), (760, -931), (760, -944), (720, -944)]"
5.121,"[(803, -931), (843, -931), (843, -944), (803, -944)]"
5.119,"[(881, -931), (920, -932), (920, -945), (881, -944)]"
5.118,"[(952, -930), (991, -931), (991, -945), (952, -944)]"
5.201,"[(1123, -618), (1165, -618), (1165, -632), (1123, -632)]"
5.205,"[(1284, -608), (1328, -608), (1328, -621), (1284, -621)]"
5.206,"[(1373, -606), (1416, -607), (1416, -621), (1373, -620)]"
5.208,"[(1457, -607), (1501, -607), (1501, -621), (1457, -621)]"
5.215,"[(1451, -682), (1492, -682), (1492, -696), (1451, -696)]"
5.209,"[(1543, -607), (1589, -606), (1589, -620), (1543, -621)]"
5.211,"[(1633, -607), (1673, -607), (1673, -620), (1633, -620)]"
5.212,"[(1714, -606), (1756, -605), (1756, -620), (1714, -621)]"
5.217,"[(1703, -682), (1745, -681), (1745, -695), (1703, -696)]"
5.229,"[(1711, -907), (1755, -908), (1755, -923), (1711, -922)]"
5.213,"[(1787, -606), (1830, -607), (1830, -621), (1787, -620)]"
5.231,"[(1815, -849), (1859, -849), (1859, -863), (1815, -863)]"
5.228,"[(1787, -909), (1833, -909), (1833, -922), (1787, -922)]"
5.227,"[(1864, -907), (1907, -908), (1907, -923), (1864, -922)]"
5.128,"[(0, 450), (0, 450), (0, 450), (0, 450)]"
