room_number,coordinates
6.101,"[(50, 389), (87, 389), (87, 375), (50, 375)]"
6.132,"[(43, 233), (86, 233), (86, 219), (43, 219)]"
6.102,"[(142, 389), (184, 389), (184, 374), (142, 374)]"
6.104,"[(223, 388), (264, 387), (264, 374), (223, 375)]"
6.105,"[(298, 389), (339, 389), (339, 375), (298, 375)]"
6.106,"[(376, 388), (416, 388), (416, 375), (376, 375)]"
6.107,"[(455, 389), (497, 389), (497, 376), (455, 376)]"
6.108,"[(529, 388), (571, 388), (571, 375), (529, 375)]"
6.130,"[(45, 91), (85, 91), (85, 78), (45, 78)]"
6.129,"[(122, 91), (163, 90), (163, 77), (122, 78)]"
6.138,"[(224, 280), (266, 281), (266, 266), (224, 265)]"
6.136,"[(227, 196), (267, 197), (267, 183), (227, 182)]"
6.127,"[(220, 91), (263, 91), (263, 77), (220, 77)]"
6.140,"[(373, 226), (414, 227), (414, 212), (373, 211)]"
6.125,"[(336, 90), (378, 90), (378, 77), (336, 77)]"
6.141,"[(470, 216), (512, 216), (512, 203), (470, 203)]"
6.124,"[(430, 91), (472, 91), (472, 77), (430, 77)]"
6.123,"[(508, 90), (549, 90), (549, 77), (508, 77)]"
6.110,"[(685, 389), (723, 389), (723, 375), (685, 375)]"
6.143,"[(644, 233), (685, 234), (685, 220), (644, 219)]"
6.122,"[(637, 91), (680, 90), (680, 76), (637, 77)]"
6.113,"[(824, 389), (863, 389), (863, 375), (824, 375)]"
6.144,"[(722, 233), (762, 233), (762, 219), (722, 219)]"
6.146,"[(794, 233), (836, 233), (836, 220), (794, 220)]"
6.118,"[(785, 91), (824, 91), (824, 78), (785, 78)]"
6.201,"[(984, 381), (1026, 380), (1026, 366), (984, 367)]"
6.205,"[(1142, 379), (1185, 379), (1185, 365), (1142, 365)]"
6.232,"[(1140, 94), (1183, 94), (1183, 79), (1140, 79)]"
6.210,"[(1493, 400), (1533, 400), (1533, 386), (1493, 386)]"
6.212,"[(1615, 401), (1657, 400), (1657, 386), (1615, 387)]"
6.209,"[(1485, 328), (1530, 329), (1530, 315), (1485, 314)]"
6.231,"[(1219, 93), (1262, 93), (1262, 80), (1219, 80)]"
6.208,"[(1293, 375), (1339, 375), (1339, 361), (1293, 361)]"
6.235,"[(1313, 158), (1358, 157), (1358, 143), (1313, 144)]"
6.229,"[(1294, 93), (1339, 93), (1339, 80), (1294, 80)]"
6.228,"[(1369, 93), (1415, 93), (1415, 80), (1369, 80)]"
6.226,"[(1487, 98), (1531, 98), (1531, 84), (1487, 84)]"
6.214,"[(1718, 400), (1759, 399), (1759, 386), (1718, 387)]"
6.218,"[(1743, 328), (1784, 328), (1784, 314), (1743, 314)]"
6.225,"[(1733, 120), (1777, 121), (1777, 106), (1733, 105)]"

