room_number,coordinates
2.132,"[(211, -780), (254, -780), (254, -793), (211, -793)]"
2.130,"[(210, -935), (251, -937), (250, -951), (209, -949)]"
2.101,"[(254, -608), (292, -608), (292, -620), (254, -620)]"
2.134,"[(286, -848), (326, -847), (326, -861), (286, -862)]"
2.129,"[(282, -936), (321, -936), (321, -950), (282, -950)]"
2.128,"[(344, -936), (383, -936), (383, -949), (344, -949)]"
2.104,"[(391, -606), (432, -607), (432, -622), (391, -621)]"
2.137,"[(388, -717), (431, -717), (431, -730), (388, -730)]"
2.136,"[(389, -840), (429, -840), (429, -854), (389, -854)]"
2.138,"[(453, -698), (494, -697), (494, -711), (453, -712)]"
2.139,"[(454, -780), (495, -780), (495, -794), (454, -794)]"
2.127,"[(429, -937), (470, -937), (470, -949), (429, -949)]"
2.105a,"[(563, -607), (611, -608), (611, -623), (563, -622)]"
2.140,"[(542, -766), (584, -766), (584, -779), (542, -779)]"
2.125,"[(576, -938), (618, -938), (618, -950), (576, -950)]"
2.141,"[(653, -755), (695, -757), (694, -771), (652, -769)]"
2.110,"[(728, -608), (762, -608), (762, -622), (728, -622)]"
2.112a,"[(889, -607), (934, -608), (934, -623), (889, -622)]"
2.110b,"[(728, -694), (773, -695), (773, -711), (728, -710)]"
2.112b,"[(873, -688), (918, -688), (918, -703), (873, -703)]"
2.120,"[(862, -936), (903, -937), (903, -951), (862, -950)]"
2.201,"[(1179, -612), (1222, -614), (1221, -630), (1178, -628)]"
2.227,"[(1353, -921), (1397, -922), (1397, -935), (1353, -934)]"
2.208,"[(1459, -623), (1503, -625), (1502, -640), (1458, -638)]"
2.217,"[(1574, -725), (1616, -726), (1615, -741), (1574, -740)]"
2.210,"[(1623, -624), (1664, -624), (1664, -636), (1623, -636)]"
2.225,"[(1560, -921), (1605, -921), (1605, -935), (1560, -935)]"
2.215,"[(1824, -648), (1866, -649), (1866, -664), (1824, -663)]"
2.220,"[(1778, -919), (1820, -920), (1820, -932), (1778, -931)]"
2.333,"[(1895, -917), (1940, -917), (1940, -931), (1895, -931)]"
2.105b,"[(0, 450), (0, 450), (0, 450), (0, 450)]"
2.144,"[(0, 450), (0, 450), (0, 450), (0, 450)]"
2.145,"[(0, 450), (0, 450), (0, 450), (0, 450)]"
