room_number,coordinates
8.102,"[(126, 376), (168, 375), (168, 362), (126, 363)]"
8.132,"[(50, 233), (90, 232), (90, 219), (50, 220)]"
8.130,"[(66, 90), (108, 90), (108, 77), (66, 77)]"
8.103,"[(196, 376), (237, 377), (237, 364), (196, 363)]"
8.128,"[(178, 79), (220, 79), (220, 66), (178, 66)]"
8.138,"[(245, 274), (285, 274), (285, 261), (245, 261)]"
8.136,"[(231, 191), (272, 191), (272, 178), (231, 178)]"
8.105,"[(287, 376), (327, 376), (327, 363), (287, 363)]"
8.127,"[(252, 80), (293, 80), (293, 66), (252, 66)]"
8.126,"[(327, 79), (367, 79), (367, 66), (327, 66)]"
8.106,"[(382, 376), (420, 376), (420, 364), (382, 364)]"
8.140,"[(378, 242), (419, 242), (419, 229), (378, 229)]"
8.108,"[(478, 376), (519, 376), (519, 363), (478, 363)]"
8.141,"[(481, 255), (522, 255), (522, 242), (481, 242)]"
8.110,"[(634, 376), (671, 376), (671, 364), (634, 364)]"
8.124,"[(413, 80), (453, 80), (453, 66), (413, 66)]"
8.123,"[(487, 79), (530, 79), (530, 66), (487, 66)]"
8.122,"[(568, 80), (608, 80), (608, 67), (568, 67)]"
8.143,"[(642, 255), (683, 256), (683, 237), (642, 236)]"
8.144,"[(719, 256), (761, 257), (761, 238), (719, 237)]"
8.146,"[(794, 257), (836, 258), (836, 240), (794, 239)]"
8.121,"[(661, 80), (700, 80), (700, 66), (661, 66)]"
8.119,"[(734, 79), (772, 79), (772, 66), (734, 66)]"
8.112,"[(787, 376), (824, 376), (824, 363), (787, 363)]"
8.118,"[(815, 79), (854, 79), (854, 66), (815, 66)]"
8.201,"[(980, 390), (1022, 390), (1022, 377), (980, 377)]"
8.205,"[(1139, 394), (1182, 393), (1182, 380), (1139, 381)]"
8.206,"[(1213, 396), (1256, 395), (1256, 380), (1213, 381)]"
8.208,"[(1302, 395), (1346, 395), (1346, 381), (1302, 381)]"
8.235,"[(1264, 315), (1308, 315), (1308, 302), (1264, 302)]"
8.240,"[(1290, 235), (1333, 235), (1333, 222), (1290, 222)]"
8.241,"[(1286, 186), (1330, 185), (1330, 171), (1286, 172)]"
8.219,"[(1145, 87), (1186, 87), (1186, 74), (1145, 74)]"
8.218,"[(1227, 87), (1270, 87), (1270, 74), (1227, 74)]"
8.217,"[(1305, 88), (1346, 88), (1346, 73), (1305, 73)]"
8.209,"[(1388, 394), (1432, 393), (1432, 380), (1388, 381)]"
8.301,"[(1467, 393), (1508, 392), (1508, 379), (1467, 380)]"
8.216,"[(1388, 88), (1428, 89), (1428, 74), (1388, 73)]"
8.302,"[(1544, 394), (1587, 394), (1587, 381), (1544, 381)]"
8.303,"[(1620, 393), (1663, 393), (1663, 380), (1620, 380)]"
8.341,"[(1618, 321), (1660, 321), (1660, 308), (1618, 308)]"
8.148,"[(1603, 240), (1649, 238), (1648, 222), (1602, 224)]"
8.340,"[(1605, 120), (1650, 120), (1650, 107), (1605, 107)]"
8.304,"[(1697, 394), (1740, 395), (1740, 381), (1697, 380)]"
8.305,"[(1768, 394), (1812, 395), (1812, 382), (1768, 381)]"
