room_number,coordinates
5.227,"[(50, 96), (93, 96), (93, 82), (50, 82)]"
5.225,"[(140, 94), (185, 94), (185, 81), (140, 81)]"
5.230,"[(252, 156), (295, 156), (295, 142), (252, 142)]"
5.223,"[(234, 95), (278, 95), (278, 82), (234, 82)]"
5.220,"[(320, 95), (365, 95), (365, 83), (320, 83)]"
5.325,"[(414, 95), (459, 94), (459, 80), (414, 81)]"
5.328,"[(515, 156), (559, 157), (559, 143), (515, 142)]"
5.340,"[(582, 246), (626, 246), (626, 232), (582, 232)]"
5.324,"[(502, 96), (546, 96), (546, 81), (502, 81)]"
5.323,"[(574, 95), (620, 95), (620, 81), (574, 81)]"
5.321,"[(655, 94), (698, 94), (698, 81), (655, 81)]"
5.401,"[(970, 398), (1011, 398), (1011, 384), (970, 384)]"
5.402,"[(1020, 398), (1064, 398), (1064, 384), (1020, 384)]"
5.403,"[(1073, 398), (1118, 398), (1118, 384), (1073, 384)]"
5.404,"[(1122, 398), (1167, 398), (1167, 384), (1122, 384)]"
5.405,"[(1183, 398), (1228, 398), (1228, 384), (1183, 384)]"
5.406,"[(1257, 398), (1301, 399), (1301, 385), (1257, 384)]"
5.320,"[(818, 91), (862, 92), (862, 78), (818, 77)]"
5.440,"[(1034, 276), (1080, 276), (1080, 263), (1034, 263)]"
5.441,"[(1175, 276), (1220, 277), (1220, 263), (1175, 262)]"
5.442,"[(1211, 222), (1259, 222), (1259, 209), (1211, 209)]"
5.407,"[(1333, 399), (1379, 398), (1379, 384), (1333, 385)]"
5.408,"[(1407, 397), (1453, 397), (1453, 384), (1407, 384)]"
5.444,"[(1414, 276), (1461, 275), (1461, 263), (1414, 264)]"
5.445,"[(1432, 220), (1479, 219), (1479, 205), (1432, 206)]"
5.409,"[(1500, 398), (1544, 398), (1544, 384), (1500, 384)]"
5.410,"[(1600, 397), (1642, 397), (1642, 385), (1600, 385)]"
