room_number,coordinates
10.101,"[(47, 385), (92, 385), (92, 372), (47, 372)]"
10.102,"[(141, 387), (188, 387), (188, 371), (141, 371)]"
10.103,"[(209, 387), (258, 387), (258, 372), (209, 372)]"
10.105,"[(274, 388), (322, 388), (322, 372), (274, 372)]"
10.106,"[(367, 386), (414, 386), (414, 372), (367, 372)]"
10.107,"[(446, 386), (494, 386), (494, 373), (446, 373)]"
10.108,"[(513, 386), (563, 386), (563, 373), (513, 373)]"
10.109,"[(591, 385), (639, 385), (639, 373), (591, 373)]"
10.138,"[(228, 280), (277, 281), (277, 266), (228, 265)]"
10.136,"[(229, 200), (277, 200), (277, 186), (229, 186)]"
10.139,"[(369, 302), (418, 305), (419, 289), (370, 286)]"
10.140,"[(382, 247), (430, 247), (430, 233), (382, 233)]"
10.130,"[(46, 93), (94, 93), (94, 79), (46, 79)]"
10.129,"[(140, 95), (188, 94), (188, 77), (140, 78)]"
10.128,"[(208, 94), (257, 93), (257, 76), (208, 77)]"
10.127,"[(264, 93), (310, 92), (310, 75), (264, 76)]"
10.125,"[(341, 90), (390, 90), (390, 77), (341, 77)]"
10.141,"[(474, 193), (523, 193), (523, 180), (474, 180)]"
10.124,"[(451, 90), (500, 90), (500, 77), (451, 77)]"
10.123,"[(550, 90), (600, 90), (600, 77), (550, 77)]"
10.112,"[(775, 388), (819, 387), (819, 371), (775, 372)]"
10.113,"[(838, 387), (883, 386), (883, 370), (838, 371)]"
10.202,"[(940, 386), (989, 386), (989, 372), (940, 372)]"
10.203,"[(1006, 386), (1058, 386), (1058, 372), (1006, 372)]"
10.204,"[(1070, 386), (1122, 386), (1122, 372), (1070, 372)]"
10.145,"[(772, 250), (823, 250), (823, 237), (772, 237)]"
10.121,"[(648, 90), (695, 90), (695, 77), (648, 77)]"
10.120,"[(728, 91), (775, 91), (775, 77), (728, 77)]"
10.118,"[(825, 93), (871, 91), (870, 77), (824, 79)]"
10.205,"[(1187, 387), (1239, 388), (1239, 372), (1187, 371)]"
10.207,"[(1273, 387), (1324, 387), (1324, 372), (1273, 372)]"
10.208,"[(1346, 387), (1398, 387), (1398, 371), (1346, 371)]"
10.226,"[(1173, 93), (1225, 91), (1224, 76), (1172, 78)]"
10.238,"[(1239, 198), (1291, 198), (1291, 184), (1239, 184)]"
10.240,"[(1318, 247), (1371, 247), (1371, 233), (1318, 233)]"
10.210,"[(1451, 387), (1499, 388), (1499, 373), (1451, 372)]"
10.211,"[(1560, 386), (1607, 386), (1607, 372), (1560, 372)]"
10.225,"[(1255, 94), (1357, 92), (1357, 76), (1252, 76)]"
10.222,"[(1381, 92), (1434, 92), (1434, 76), (1381, 76)]"
10.221,"[(1477, 91), (1527, 91), (1527, 77), (1477, 77)]"
10.220,"[(1551, 91), (1602, 91), (1602, 77), (1551, 77)]"
10.241,"[(1552, 257), (1604, 257), (1604, 243), (1552, 243)]"
10.213,"[(1649, 386), (1697, 387), (1697, 372), (1649, 371)]"
10.218,"[(1647, 92), (1698, 91), (1698, 75), (1647, 76)]"
10.301,"[(1782, 404), (1831, 404), (1831, 390), (1782, 390)]"
10.335,"[(1780, 91), (1832, 91), (1832, 76), (1780, 76)]"
10.224,"[(1309, 98), (1351, 98), (1351, 72), (1309, 72)]"

