room_number,coordinates
9.140,"[(528, -747), (569, -747), (569, -759), (528, -759)]"
9.142,"[(731, -746), (772, -746), (772, -759), (731, -759)]"
9.115,"[(612, -817), (650, -817), (650, -830), (612, -830)]"
9.129,"[(334, -898), (374, -898), (374, -912), (334, -912)]"
9.128,"[(387, -898), (426, -898), (426, -912), (387, -912)]"
9.127,"[(439, -898), (478, -898), (478, -912), (439, -912)]"
9.126,"[(489, -898), (528, -898), (528, -912), (489, -912)]"
9.125,"[(543, -898), (583, -898), (583, -912), (543, -912)]"
9.124,"[(592, -898), (634, -898), (634, -912), (592, -912)]"
9.122,"[(676, -898), (717, -898), (717, -911), (676, -911)]"
9.121,"[(769, -898), (806, -898), (806, -912), (769, -912)]"
9.120,"[(816, -898), (854, -898), (854, -912), (816, -912)]"
9.119,"[(868, -898), (907, -898), (907, -912), (868, -912)]"
9.118,"[(931, -897), (969, -897), (969, -910), (931, -910)]"
9.201,"[(1121, -614), (1162, -614), (1162, -627), (1121, -627)]"
9.205,"[(1272, -594), (1315, -594), (1315, -608), (1272, -608)]"
9.206,"[(1321, -594), (1362, -594), (1362, -608), (1321, -608)]"
9.207,"[(1373, -594), (1416, -594), (1416, -608), (1373, -608)]"
9.208,"[(1432, -594), (1477, -594), (1477, -608), (1432, -608)]"
9.209,"[(1502, -595), (1544, -595), (1544, -607), (1502, -607)]"
9.210,"[(1551, -595), (1591, -595), (1591, -607), (1551, -607)]"
9.204,"[(1406, -690), (1448, -690), (1448, -704), (1406, -704)]"
9.301,"[(1645, -593), (1686, -595), (1685, -610), (1644, -608)]"
9.303,"[(1751, -594), (1793, -594), (1793, -607), (1751, -607)]"
9.304,"[(1839, -592), (1882, -594), (1881, -609), (1838, -607)]"
9.300,"[(1876, -691), (1920, -691), (1920, -704), (1876, -704)]"
9.xx,"[(0, 450), (0, 450), (0, 450), (0, 450)]"
