room_number,coordinates
7.101,"[(46, 397), (86, 397), (86, 384), (46, 384)]"
7.132,"[(44, 239), (88, 239), (88, 225), (44, 225)]"
7.102,"[(134, 397), (175, 397), (175, 384), (134, 384)]"
7.103,"[(209, 399), (249, 399), (249, 383), (209, 383)]"
7.104,"[(258, 399), (299, 399), (299, 384), (258, 384)]"
7.106,"[(321, 400), (363, 400), (363, 384), (321, 384)]"
7.107,"[(400, 397), (444, 397), (444, 384), (400, 384)]"
7.109,"[(513, 398), (554, 398), (554, 384), (513, 384)]"
7.138,"[(223, 278), (267, 278), (267, 264), (223, 264)]"
7.136,"[(213, 202), (254, 201), (254, 186), (213, 187)]"
7.130,"[(47, 96), (90, 96), (90, 82), (47, 82)]"
7.129,"[(126, 96), (168, 95), (168, 81), (126, 82)]"
7.1287.127,"[(196, 96), (303, 96), (303, 82), (196, 82)]"
7.141,"[(398, 277), (441, 278), (441, 264), (398, 263)]"
7.140,"[(376, 224), (419, 224), (419, 210), (376, 210)]"
7.143,"[(555, 278), (599, 277), (599, 263), (555, 264)]"
7.142,"[(565, 225), (611, 225), (611, 211), (565, 211)]"
7.110,"[(629, 399), (669, 398), (669, 383), (629, 384)]"
7.111,"[(705, 397), (741, 397), (741, 384), (705, 384)]"
7.112,"[(788, 399), (829, 397), (828, 382), (787, 384)]"
7.145,"[(745, 277), (788, 277), (788, 263), (745, 263)]"
7.201,"[(960, 386), (1004, 386), (1004, 373), (960, 373)]"
7.232,"[(1125, 96), (1172, 96), (1172, 81), (1125, 81)]"
7.231,"[(1202, 95), (1246, 95), (1246, 82), (1202, 82)]"
7.225,"[(1305, 161), (1353, 160), (1353, 145), (1305, 146)]"
7.210,"[(1426, 397), (1469, 397), (1469, 384), (1426, 384)]"
7.229,"[(1274, 96), (1320, 96), (1320, 83), (1274, 83)]"
7.228,"[(1353, 96), (1400, 96), (1400, 82), (1353, 82)]"
7.227,"[(1427, 96), (1473, 96), (1473, 82), (1427, 82)]"
7.211,"[(1517, 397), (1558, 396), (1558, 382), (1517, 383)]"
7.226,"[(1502, 96), (1546, 96), (1546, 82), (1502, 82)]"
7.213,"[(1612, 398), (1656, 397), (1656, 382), (1612, 383)]"
7.209,"[(1622, 324), (1667, 325), (1667, 309), (1622, 308)]"
7.215,"[(1738, 396), (1780, 396), (1780, 383), (1738, 383)]"
7.127,"[(262, 102), (299, 102), (299, 82), (262, 82)]"
