room_number,coordinates
10.335,"[(71, 92), (123, 94), (123, 79), (71, 77)]"
10.304,"[(197, 405), (249, 407), (249, 392), (197, 390)]"
10.305,"[(289, 405), (341, 405), (341, 391), (289, 391)]"
10.306,"[(364, 405), (415, 405), (415, 391), (364, 391)]"
10.315,"[(199, 325), (249, 325), (249, 312), (199, 312)]"
10.330,"[(262, 91), (313, 91), (313, 78), (262, 78)]"
10.308,"[(460, 405), (511, 405), (511, 392), (460, 392)]"
10.309,"[(536, 405), (636, 405), (636, 391), (536, 391)]"
10.311,"[(679, 405), (725, 405), (725, 392), (679, 392)]"
10.345,"[(501, 213), (556, 212), (556, 197), (501, 198)]"
10.401,"[(1034, 406), (1084, 405), (1084, 391), (1034, 392)]"
10.403,"[(1122, 404), (1175, 404), (1175, 391), (1122, 391)]"
10.440,"[(1069, 216), (1121, 216), (1121, 202), (1069, 202)]"
10.328,"[(435, 92), (488, 93), (488, 78), (435, 77)]"
10.326,"[(522, 91), (573, 91), (573, 78), (522, 78)]"
10.325,"[(603, 91), (656, 91), (656, 78), (603, 78)]"
10.324,"[(691, 91), (743, 91), (743, 77), (691, 77)]"
10.323,"[(770, 91), (822, 91), (822, 77), (770, 77)]"
10.321,"[(856, 92), (905, 92), (905, 77), (856, 77)]"
10.320,"[(929, 92), (979, 92), (979, 77), (929, 77)]"
10.430,"[(1010, 92), (1063, 92), (1063, 77), (1010, 77)]"
10.429,"[(1070, 92), (1123, 92), (1123, 77), (1070, 77)]"
10.427,"[(1145, 92), (1199, 92), (1199, 77), (1145, 77)]"
10.404,"[(1205, 404), (1258, 405), (1258, 391), (1205, 390)]"
10.406,"[(1287, 407), (1339, 406), (1339, 391), (1287, 392)]"
10.407,"[(1394, 406), (1446, 407), (1446, 392), (1394, 391)]"
10.443,"[(1352, 284), (1407, 284), (1407, 271), (1352, 271)]"
10.409,"[(1506, 405), (1558, 405), (1558, 392), (1506, 392)]"
10.445,"[(1460, 225), (1516, 225), (1516, 211), (1460, 211)]"
10.426,"[(1252, 91), (1305, 91), (1305, 76), (1252, 76)]"
10.425,"[(1332, 91), (1385, 91), (1385, 76), (1332, 76)]"
10.424,"[(1395, 91), (1448, 91), (1448, 76), (1395, 76)]"
10.423,"[(1476, 91), (1530, 91), (1530, 76), (1476, 76)]"
10.410,"[(1609, 404), (1658, 404), (1658, 391), (1609, 391)]"
10.449,"[(1615, 281), (1669, 282), (1669, 268), (1615, 267)]"
10.447,"[(1615, 200), (1670, 200), (1670, 186), (1615, 186)]"
10.412,"[(1709, 404), (1758, 404), (1758, 392), (1709, 392)]"
10.446,"[(1658, 181), (1712, 179), (1712, 164), (1658, 166)]"
10.422,"[(1569, 92), (1620, 93), (1620, 76), (1569, 75)]"
10.420,"[(1629, 93), (1683, 94), (1683, 77), (1629, 76)]"
10.413,"[(1801, 404), (1852, 404), (1852, 390), (1801, 390)]"
10.415,"[(1816, 240), (1866, 240), (1866, 227), (1816, 227)]"
10.419,"[(1713, 91), (1763, 91), (1763, 78), (1713, 78)]"
10.418,"[(1806, 91), (1856, 91), (1856, 78), (1806, 78)]"
10.310,"[(593, 410), (629, 410), (629, 389), (593, 389)]"

