room_number,coordinates
6.218,"[(63, 327), (105, 327), (105, 313), (63, 313)]"
6.225,"[(52, 118), (97, 118), (97, 105), (52, 105)]"
6.216,"[(126, 400), (167, 400), (167, 386), (126, 386)]"
6.217,"[(204, 401), (245, 402), (245, 387), (204, 386)]"
6.302,"[(276, 400), (320, 400), (320, 386), (276, 386)]"
6.303,"[(353, 400), (398, 400), (398, 386), (353, 386)]"
6.340,"[(392, 213), (437, 212), (437, 198), (392, 199)]"
6.327,"[(279, 82), (323, 83), (323, 69), (279, 68)]"
6.326,"[(353, 82), (398, 83), (398, 69), (353, 68)]"
6.304,"[(431, 400), (477, 400), (477, 385), (431, 385)]"
6.305,"[(506, 400), (550, 400), (550, 386), (506, 386)]"
6.307,"[(583, 400), (627, 400), (627, 386), (583, 386)]"
6.310,"[(459, 321), (499, 322), (499, 307), (459, 306)]"
6.325,"[(443, 83), (488, 82), (488, 67), (443, 68)]"
6.345,"[(584, 171), (630, 173), (631, 159), (585, 157)]"
6.323,"[(547, 82), (592, 82), (592, 69), (547, 69)]"
6.308,"[(662, 400), (709, 400), (709, 386), (662, 386)]"
6.322,"[(646, 83), (691, 84), (691, 69), (646, 68)]"
6.320,"[(739, 82), (784, 82), (784, 68), (739, 68)]"
6.318,"[(829, 82), (872, 83), (872, 69), (829, 68)]"
6.317,"[(918, 82), (959, 83), (959, 69), (918, 68)]"
6.401,"[(992, 399), (1035, 399), (1035, 386), (992, 386)]"
6.402,"[(1068, 399), (1113, 399), (1113, 386), (1068, 386)]"
6.403,"[(1144, 400), (1189, 400), (1189, 386), (1144, 386)]"
6.405,"[(1222, 399), (1270, 399), (1270, 386), (1222, 386)]"
6.406,"[(1298, 400), (1344, 400), (1344, 387), (1298, 387)]"
6.407,"[(1375, 400), (1422, 400), (1422, 386), (1375, 386)]"
6.429,"[(1018, 82), (1064, 82), (1064, 69), (1018, 69)]"
6.441,"[(1079, 230), (1122, 232), (1123, 217), (1080, 215)]"
6.428,"[(1133, 83), (1179, 83), (1179, 71), (1133, 71)]"
6.426,"[(1255, 84), (1299, 84), (1299, 70), (1255, 70)]"
6.444,"[(1329, 220), (1375, 220), (1375, 207), (1329, 207)]"
6.423,"[(1357, 83), (1402, 83), (1402, 69), (1357, 69)]"
6.408,"[(1454, 400), (1500, 400), (1500, 386), (1454, 386)]"
6.446,"[(1449, 281), (1496, 281), (1496, 267), (1449, 267)]"
6.445,"[(1448, 225), (1495, 225), (1495, 211), (1448, 211)]"
6.422,"[(1448, 82), (1493, 83), (1493, 69), (1448, 68)]"
6.410,"[(1532, 401), (1576, 400), (1576, 386), (1532, 387)]"
6.411,"[(1605, 398), (1646, 398), (1646, 386), (1605, 386)]"
6.449,"[(1576, 279), (1622, 279), (1622, 266), (1576, 266)]"
6.447,"[(1576, 192), (1622, 192), (1622, 179), (1576, 179)]"
6.421,"[(1572, 82), (1617, 82), (1617, 69), (1572, 69)]"
6.412,"[(1683, 398), (1726, 398), (1726, 385), (1683, 385)]"
6.413,"[(1766, 399), (1810, 399), (1810, 386), (1766, 386)]"
6.419,"[(1683, 82), (1724, 84), (1725, 70), (1684, 68)]"
6.415,"[(1763, 287), (1805, 287), (1805, 274), (1763, 274)]"
6.416,"[(1766, 209), (1808, 209), (1808, 196), (1766, 196)]"
6.418,"[(1762, 82), (1805, 82), (1805, 69), (1762, 69)]"
6.214,"[(35, 403), (76, 404), (76, 383), (35, 383)]"

