room_number,coordinates
9.129,"[(175, 91), (216, 91), (216, 76), (175, 76)]"
9.128,"[(229, 91), (268, 91), (268, 76), (229, 76)]"
9.127,"[(279, 91), (319, 91), (319, 76), (279, 76)]"
9.126,"[(331, 91), (370, 91), (370, 76), (331, 76)]"
9.125,"[(385, 91), (424, 91), (424, 76), (385, 76)]"
9.124,"[(434, 91), (474, 91), (474, 75), (434, 75)]"
9.115,"[(453, 171), (492, 171), (492, 159), (453, 159)]"
9.142,"[(572, 242), (614, 242), (614, 228), (572, 228)]"
9.122,"[(517, 90), (557, 91), (557, 77), (517, 76)]"
9.121,"[(610, 91), (646, 91), (646, 76), (610, 76)]"
9.120,"[(657, 91), (696, 91), (696, 76), (657, 76)]"
9.119,"[(709, 91), (746, 91), (746, 76), (709, 76)]"
9.118,"[(773, 91), (811, 91), (811, 76), (773, 76)]"
9.201,"[(962, 374), (1002, 374), (1002, 361), (962, 361)]"
9.205,"[(1113, 394), (1156, 394), (1156, 378), (1113, 378)]"
9.206,"[(1162, 394), (1204, 394), (1204, 378), (1162, 378)]"
9.207,"[(1214, 394), (1256, 394), (1256, 378), (1214, 378)]"
9.208,"[(1274, 394), (1315, 394), (1315, 378), (1274, 378)]"
9.209,"[(1343, 394), (1386, 394), (1386, 378), (1343, 378)]"
9.210,"[(1393, 394), (1434, 394), (1434, 378), (1393, 378)]"
9.204,"[(1247, 297), (1291, 297), (1291, 284), (1247, 284)]"
9.301,"[(1486, 394), (1527, 393), (1527, 379), (1486, 380)]"
9.303,"[(1592, 393), (1635, 393), (1635, 380), (1592, 380)]"
9.304,"[(1680, 394), (1723, 393), (1723, 379), (1680, 380)]"
9.300,"[(1717, 297), (1760, 297), (1760, 284), (1717, 284)]"
9.140,"[(367, 243), (408, 243), (408, 227), (367, 227)]"
