room_number,coordinates
850,"[(146, 424), (173, 424), (173, 413), (146, 413)]"
802,"[(44, 90), (72, 91), (72, 78), (44, 77)]"
848,"[(232, 426), (261, 423), (260, 411), (231, 414)]"
803,"[(114, 88), (142, 88), (142, 77), (114, 77)]"
846,"[(287, 425), (315, 425), (315, 414), (287, 414)]"
844,"[(340, 425), (368, 425), (368, 414), (340, 414)]"
842,"[(400, 425), (426, 425), (426, 414), (400, 414)]"
840,"[(453, 425), (480, 425), (480, 413), (453, 413)]"
838,"[(509, 425), (536, 425), (536, 413), (509, 413)]"
837,"[(567, 425), (593, 425), (593, 414), (567, 414)]"
849,"[(219, 317), (247, 317), (247, 304), (219, 304)]"
847,"[(283, 317), (311, 317), (311, 304), (283, 304)]"
845,"[(360, 317), (388, 317), (388, 305), (360, 305)]"
843,"[(404, 317), (432, 317), (432, 305), (404, 305)]"
841,"[(459, 317), (487, 317), (487, 305), (459, 305)]"
839,"[(515, 317), (543, 317), (543, 304), (515, 304)]"
805,"[(269, 192), (298, 192), (298, 180), (269, 180)]"
807,"[(338, 194), (366, 194), (366, 182), (338, 182)]"
809,"[(398, 194), (424, 194), (424, 183), (398, 183)]"
804,"[(201, 91), (230, 91), (230, 79), (201, 79)]"
811,"[(456, 194), (480, 194), (480, 182), (456, 182)]"
813,"[(503, 195), (528, 195), (528, 183), (503, 183)]"
806,"[(288, 90), (317, 89), (316, 75), (287, 76)]"
808,"[(340, 88), (368, 88), (368, 76), (340, 76)]"
810,"[(400, 87), (427, 87), (427, 76), (400, 76)]"
812,"[(452, 87), (481, 87), (481, 76), (452, 76)]"
814,"[(513, 90), (542, 89), (541, 74), (512, 75)]"
836,"[(621, 425), (649, 425), (649, 413), (621, 413)]"
835,"[(676, 425), (703, 425), (703, 413), (676, 413)]"
834,"[(737, 425), (764, 425), (764, 413), (737, 413)]"
832,"[(789, 424), (818, 424), (818, 412), (789, 412)]"
831,"[(845, 424), (872, 424), (872, 413), (845, 413)]"
830,"[(902, 424), (931, 424), (931, 413), (902, 413)]"
833,"[(747, 305), (775, 305), (775, 293), (747, 293)]"
816,"[(568, 87), (594, 87), (594, 76), (568, 76)]"
817,"[(623, 87), (650, 87), (650, 75), (623, 75)]"
818,"[(677, 86), (705, 86), (705, 75), (677, 75)]"
820,"[(732, 87), (760, 87), (760, 76), (732, 76)]"
827,"[(766, 255), (793, 255), (793, 244), (766, 244)]"
819,"[(746, 195), (773, 195), (773, 184), (746, 184)]"
821,"[(806, 195), (832, 195), (832, 184), (806, 184)]"
829,"[(814, 305), (842, 305), (842, 293), (814, 293)]"
822,"[(793, 86), (821, 85), (821, 74), (793, 75)]"
823,"[(860, 88), (888, 89), (888, 77), (860, 76)]"
828,"[(908, 309), (935, 309), (935, 297), (908, 297)]"
826,"[(907, 262), (935, 262), (935, 250), (907, 250)]"
825,"[(911, 207), (939, 207), (939, 196), (911, 196)]"
824,"[(913, 142), (942, 142), (942, 130), (913, 130)]"
