room_number,coordinates
3.061,"[(124, 317), (184, 317), (184, 294), (124, 294)]"
3.059,"[(84, 117), (147, 117), (147, 95), (84, 95)]"
3.155,"[(100, -269), (162, -270), (162, -295), (100, -294)]"
3.105,"[(91, -759), (153, -760), (152, -783), (91, -782)]"
3.104,"[(117, -962), (178, -962), (178, -985), (117, -985)]"
3.151,"[(220, -639), (279, -639), (279, -661), (220, -661)]"
3.062,"[(314, 317), (378, 317), (378, 295), (314, 295)]"
3.063,"[(451, 318), (514, 318), (514, 295), (451, 295)]"
3.065,"[(670, 318), (732, 318), (732, 295), (670, 295)]"
3.066,"[(789, 318), (851, 318), (851, 294), (789, 294)]"
3.067,"[(907, 318), (967, 318), (967, 294), (907, 294)]"
3.156,"[(297, 104), (358, 102), (357, 78), (296, 80)]"
3.154,"[(369, -186), (431, -186), (431, -209), (369, -209)]"
3.155a,"[(315, -324), (393, -325), (393, -349), (315, -348)]"
3.152,"[(368, -440), (431, -440), (431, -462), (368, -462)]"
3.103,"[(324, -963), (387, -963), (387, -985), (324, -985)]"
3.102,"[(445, -962), (508, -962), (508, -983), (445, -983)]"
3.101,"[(558, -962), (619, -962), (619, -986), (558, -986)]"
3.100,"[(687, -963), (747, -963), (747, -985), (687, -985)]"
3.146,"[(821, -722), (882, -723), (882, -746), (821, -745)]"
3.145,"[(993, -666), (1054, -665), (1054, -688), (993, -689)]"
3.068,"[(1094, 318), (1154, 318), (1154, 297), (1094, 297)]"
3.119,"[(1161, 38), (1224, 38), (1224, 16), (1161, 16)]"
3.144,"[(1156, -671), (1219, -670), (1219, -692), (1156, -693)]"
3.070,"[(1328, 317), (1390, 317), (1390, 295), (1328, 295)]"
3.099,"[(818, -963), (878, -963), (878, -985), (818, -985)]"
3.098,"[(923, -963), (985, -962), (985, -985), (923, -986)]"
3.097B,"[(1027, -962), (1103, -962), (1103, -986), (1027, -986)]"
3.097A,"[(1141, -962), (1221, -962), (1221, -986), (1141, -986)]"
3.096,"[(1270, -963), (1331, -962), (1331, -985), (1270, -986)]"
3.212,"[(1304, -323), (1370, -323), (1370, -344), (1304, -344)]"
3.122,"[(1448, 38), (1511, 38), (1511, 17), (1448, 17)]"
3.211,"[(1428, -458), (1488, -458), (1488, -482), (1428, -482)]"
3.141,"[(1385, -671), (1445, -670), (1445, -693), (1385, -694)]"
3.071,"[(1510, 318), (1570, 318), (1570, 293), (1510, 293)]"
3.140,"[(1549, -666), (1609, -666), (1609, -687), (1549, -687)]"
3.095,"[(1400, -963), (1464, -963), (1464, -985), (1400, -985)]"
3.094,"[(1508, -963), (1569, -963), (1569, -985), (1508, -985)]"
3.072,"[(1622, 318), (1683, 318), (1683, 295), (1622, 295)]"
3.073,"[(1732, 317), (1794, 317), (1794, 294), (1732, 294)]"
3.074,"[(1860, 318), (1923, 317), (1923, 294), (1860, 295)]"
3.210,"[(1591, -325), (1655, -325), (1655, -347), (1591, -347)]"
3.207a,"[(1766, -402), (1841, -403), (1841, -426), (1766, -425)]"
3.093,"[(1620, -963), (1683, -962), (1683, -984), (1620, -985)]"
3.092,"[(1731, -963), (1791, -962), (1791, -984), (1731, -985)]"
3.125,"[(1849, 92), (1911, 92), (1911, 71), (1849, 71)]"
3.138,"[(1835, -797), (1901, -797), (1901, -819), (1835, -819)]"
3.091,"[(1859, -961), (1919, -962), (1919, -985), (1859, -984)]"
3.075,"[(2041, 318), (2102, 318), (2102, 294), (2041, 294)]"
3.760,"[(2099, 47), (2164, 46), (2164, 20), (2099, 21)]"
3.207b,"[(1970, -325), (2046, -325), (2046, -348), (1970, -348)]"
3.207,"[(1923, -433), (1984, -432), (1984, -456), (1923, -457)]"
3.089,"[(2096, -963), (2160, -964), (2160, -986), (2096, -985)]"
3.077,"[(2233, 319), (2293, 320), (2293, 295), (2233, 294)]"
3.078,"[(2350, 318), (2413, 318), (2413, 294), (2350, 294)]"
3.079,"[(2481, 318), (2543, 318), (2543, 295), (2481, 295)]"
3.128,"[(2256, 32), (2320, 32), (2320, 10), (2256, 10)]"
3.083,"[(2275, -323), (2338, -324), (2338, -347), (2275, -346)]"
3.135,"[(2253, -664), (2314, -665), (2313, -690), (2252, -689)]"
3.088,"[(2226, -962), (2289, -962), (2289, -987), (2226, -987)]"
3.087,"[(2352, -963), (2413, -963), (2413, -986), (2352, -986)]"
3.080,"[(2481, 39), (2542, 39), (2542, 16), (2481, 16)]"
3.085,"[(2482, -663), (2544, -663), (2544, -686), (2482, -686)]"
3.086,"[(2481, -962), (2542, -961), (2542, -985), (2481, -986)]"
3.082,"[(2452, -335), (2512, -308), (2512, -308), (2452, -335)]"
3.064,"[(670, -963), (732, -937), (732, -937), (670, -963)]"
