room_number,coordinates
4.059,"[(450, -219), (513, -219), (513, -242), (450, -242)]"
4.058,"[(449, -322), (513, -323), (513, -345), (449, -344)]"
4.104B,"[(398, -1233), (476, -1232), (476, -1255), (398, -1256)]"
4.106,"[(450, -897), (512, -896), (512, -919), (450, -920)]"
4.105,"[(449, -1009), (513, -1009), (513, -1032), (449, -1032)]"
4.061,"[(544, 23), (605, 24), (605, -1), (544, -2)]"
4.062,"[(673, 21), (737, 21), (737, -1), (673, -1)]"
4.063,"[(797, 21), (863, 21), (863, -2), (797, -2)]"
4.064,"[(911, 21), (975, 21), (975, -2), (911, -2)]"
4.065,"[(1039, 21), (1104, 21), (1104, -2), (1039, -2)]"
4.104A,"[(536, -1233), (616, -1233), (616, -1255), (536, -1255)]"
4.103,"[(669, -1233), (732, -1232), (732, -1255), (669, -1256)]"
4.113,"[(748, -242), (813, -242), (813, -263), (748, -263)]"
4.149,"[(760, -955), (823, -955), (823, -977), (760, -977)]"
4.102,"[(794, -1233), (858, -1234), (858, -1255), (794, -1254)]"
4.066,"[(1211, 23), (1275, 22), (1275, -3), (1211, -2)]"
4.146,"[(1184, -956), (1245, -959), (1244, -983), (1183, -980)]"
4.117,"[(1180, -244), (1245, -245), (1245, -267), (1180, -266)]"
4.118,"[(1298, -245), (1362, -245), (1362, -267), (1298, -267)]"
4.119,"[(1406, -244), (1468, -243), (1468, -266), (1406, -267)]"
4.120,"[(1511, -245), (1576, -245), (1576, -268), (1511, -268)]"
4.145,"[(1348, -958), (1412, -958), (1412, -981), (1348, -981)]"
4.068,"[(1440, 23), (1504, 21), (1503, -1), (1439, 1)]"
4.101,"[(908, -1232), (969, -1231), (969, -1256), (908, -1257)]"
4.100,"[(1039, -1232), (1101, -1233), (1100, -1256), (1038, -1255)]"
4.099,"[(1166, -1233), (1231, -1234), (1231, -1256), (1166, -1255)]"
4.098,"[(1271, -1234), (1336, -1234), (1336, -1256), (1271, -1256)]"
4.097B,"[(1371, -1234), (1451, -1234), (1451, -1256), (1371, -1256)]"
4.097A,"[(1488, -1232), (1568, -1233), (1568, -1257), (1488, -1256)]"
4.070,"[(1623, 22), (1686, 22), (1686, -2), (1623, -2)]"
4.121,"[(1676, -244), (1739, -245), (1739, -268), (1676, -267)]"
4.199,"[(1682, -505), (1745, -504), (1745, -528), (1682, -529)]"
4.212,"[(1683, -690), (1746, -690), (1746, -713), (1683, -713)]"
4.144,"[(1513, -960), (1577, -960), (1577, -981), (1513, -981)]"
4.143,"[(1622, -958), (1687, -959), (1687, -982), (1622, -981)]"
4.142,"[(1740, -958), (1804, -959), (1804, -981), (1740, -980)]"
4.096,"[(1620, -1233), (1681, -1231), (1682, -1255), (1621, -1257)]"
4.071A,"[(1743, 22), (1824, 22), (1824, -1), (1743, -1)]"
4.071B,"[(1853, 22), (1932, 22), (1932, -1), (1853, -1)]"
4.095,"[(1748, -1232), (1812, -1233), (1812, -1257), (1748, -1256)]"
4.122,"[(1844, -245), (1907, -245), (1907, -266), (1844, -266)]"
4.123,"[(1948, -245), (2011, -245), (2011, -266), (1948, -266)]"
4.072,"[(2021, 21), (2087, 21), (2087, -1), (2021, -1)]"
4.141,"[(1843, -957), (1903, -957), (1903, -982), (1843, -982)]"
4.140,"[(1948, -958), (2011, -958), (2011, -981), (1948, -981)]"
4.210,"[(2001, -583), (2063, -582), (2063, -604), (2001, -605)]"
4.094,"[(1866, -1233), (1928, -1233), (1928, -1255), (1866, -1255)]"
4.093,"[(1965, -1233), (2027, -1233), (2027, -1254), (1965, -1254)]"
4.139,"[(2070, -922), (2132, -927), (2130, -953), (2068, -948)]"
4.092,"[(2088, -1234), (2152, -1235), (2152, -1256), (2088, -1255)]"
4.074,"[(2208, 21), (2273, 22), (2273, -2), (2208, -3)]"
4.158,"[(2231, -1033), (2298, -1034), (2298, -1057), (2231, -1056)]"
4.075,"[(2337, 22), (2401, 21), (2401, -2), (2337, -1)]"
4.208,"[(2300, -586), (2364, -587), (2364, -608), (2300, -607)]"
4.091,"[(2209, -1232), (2270, -1233), (2270, -1257), (2209, -1256)]"
4.090,"[(2341, -1232), (2404, -1233), (2404, -1256), (2341, -1255)]"
4.076,"[(2450, 22), (2512, 22), (2512, -2), (2450, -2)]"
4.128,"[(2562, -241), (2625, -242), (2625, -267), (2562, -266)]"
4.162,"[(2439, -994), (2505, -994), (2505, -1015), (2439, -1015)]"
4.135,"[(2553, -994), (2618, -995), (2618, -1017), (2553, -1016)]"
4.089,"[(2441, -1233), (2507, -1233), (2507, -1256), (2441, -1256)]"
4.077,"[(2577, 23), (2640, 21), (2639, -4), (2576, -2)]"
4.194,"[(2563, -900), (2626, -903), (2625, -928), (2562, -925)]"
4.088,"[(2573, -1232), (2637, -1231), (2637, -1255), (2573, -1256)]"
4.078,"[(2704, 22), (2768, 22), (2768, -2), (2704, -2)]"
4.079,"[(2831, 22), (2894, 22), (2894, -3), (2831, -3)]"
4.087,"[(2701, -1232), (2763, -1233), (2763, -1257), (2701, -1256)]"
4.080,"[(2791, -212), (2855, -212), (2855, -234), (2791, -234)]"
4.081,"[(2792, -325), (2854, -326), (2854, -349), (2792, -348)]"
4.082,"[(2763, -615), (2828, -615), (2828, -637), (2763, -637)]"
4.084,"[(2789, -895), (2852, -897), (2851, -921), (2788, -919)]"
4.085,"[(2787, -1012), (2851, -1012), (2851, -1035), (2787, -1035)]"
4.086,"[(2827, -1233), (2891, -1233), (2891, -1256), (2827, -1256)]"
